XIV Klevetc.

1001 0 1101101 10011111011 0011 10 011010 0011101011011 1101110, 0011
1113 011110 000, 101110 11101111 111 11100111 (1110110111 11111
111 1101110 110, 011111 00 ee 0103010 1100 00100111111 01101-
610010 011 101011, 1110 101111 1031 31011100 3101001 110111010
311111100 (10 101101001131011. 1. 101101011011111 10100 1 10111010,
1 111101 11110313111110101 3101010 011110 011110 111 1010110011.

Bilo je nemarnih 31111101 0 11111010 1010111 0010010 3111-
1111 1010110. 11. 1111101011 10, 11111 11 magistrat 01001οη0001
1010011111 111110110, 11 011010110, 11010 (10101, 011011111 011-
3111111 1 01010 016100 011111113111110011111101011. 1)110 00111100
11 111010 103110, 0161111 111110111111111010110 101, 11 11101
111110111131010111 011100 0110110, 11 010 ’10 01101010111,11
110 11310110100 11001110110, 1111 11 0110110, 11 de, ako 01101
101 1010001 110 111010, 101011000 1010110 morati 1101111011,111101,
11 00 110110 0 31110 001111 01011101110 0 1101110 00111111011110 01-
1110013111 1 101100 111 101111 013111110111110,111110 11 00
110110 01110 001111 01 001161(1011010),1ο1110 10 1101 1010.

Ν110100 su 00031, 103111 10110101111 101111 103111 1 1101111,
1101111 11 31111.

Klevete. Na 113101111010 Gradcu 11101101 01101111 001111101
1101011 101111, 1 101 10 1101011101 0010111110 10110 ime i 10110010,
1011111110 11031 1101010110 3011011 01 1101111, 10 1 1010110 11 01111
111110 vete, ali 10 1101 0101310111001101101101110 01010 1 1011-
1100 1101010. 1 11 1101010 1101110 10 10111111 1 10111010 1110101ᾶὶ
111103010, 110 10 111110,1 01 1111 0111011101101010310 1011110011
01 011110 1 011111.

Κ101010110, 1011 11011010110 10101,101111 10 01011 011101.
010110001101010110 0111οο 10 3101111 31111110001 (111010 110101-
31010) 1. j. globom od dvadeset i pet 1011111, 1 011 10 0111111 11
111110 1101010110 1 0 311111111111011. Α10 110101011 00 11010310
111 110110 1111111 31010, 311110 110101. 1. 01101111 11 mu jezik.

011100 1101010 bijahu, 1111010110 01 11101101, 11 1011001
101010110 11111110 11111010 111010 111 11 10 001101011 1 11111101
3111111, 11110101101110 Turkom. 20101011101101 1130110 110-
10100 1061111103111031, 11 10 0103010 1010, 111 10111110 11
111011 10101110 110111010111111, 11 00 11161 01 010 0111111100 01
1111001100, 0110 10111110111101010110; 1111101111 10 1101011 do·
kazala, 111110 111110 31011100 1 0 11111011011110100 110 110101011.

Ν1110101101010 bijahu 10 11010110, 111 11 10 0 0101 11000-
1110110111, 111101111έί 01111 0 0010101100011010, 11111 10110-
1010100111 101110111 1111011101 111 11110101 1111 111101111101111 110·

 

