possm. 111. 111011

00000, 00 10011030 10110 101110011101011 010101 01010 01030, 010100
10 10 0100011111011111111 10010111,01110οο111110001 00 11101010 010011
111 1ο110; 010 01101010 0100010, 00 100 1 10110 1030, 00 00000
0101011,10100110101011010 00100 011003010 01001ἐί11, 00 0110 11110
01101010 11011110 010010 10 10111000 0101010, 10 00 1110 00101000;
010 111 11110 1 00 11010 1001030 0001000 010 001100ῐί0 0 000010, 00
00 0 1100100010 00010 000011, 001001001 10301110 10100. 000 1110οο
10000 0103100011 31001010100, 00 010 30 00011 11110001, 31011111 111
30 001001 0001110 31011001 00 0000101010101 00101111 100, 00 10111
0000 011001 010, 010 10 00010 00010110.

Α10 1 0001001 11110110 1110010101 01000001, 100100 00 1110 00010
0101010011011, 00000110 01010 111 000101010 0001110, 010 00 010 1001010
0 00111000 01100010, 111 01001001101111 01010 111011003010 00101011, 101
010 10110 1030 00 0000 00110110, 00 mu je 0001010 01010 111 00-
01010 0001110, 0 0110 010 10 010110 100300 00101011, 0 0000010110·
10011011003001 00111010, 00 mu 0110 00010 01101010 01010, 0111 00
10 0010301101 10001010 11110 00000000, 0010 10 0010100 111100 0001110,
1. j. 3101110 3010 000 31011010 00 000010101010, 00 101111 00 0110
1100100 011000010 0111001000010, 0 10000 00000 1 011001011010.

ἒ100011001101160 0110031110 010111, 1001 mi je, 00 10 01010
01010 10000 1011010 011001010 00 0 011110 11000 010 01000 00103010
00 0110030 00100 00 1010 0001100030 0110010110 111 jurata.

Α11000100111 0001010 100100 01010,0 00100110 010 10 1010
0110110110οε 3101010 Celjskih 00010 0111101 001101, 0101111030111
01011 00011001 00010001 1110 0101000010 10 0111001οο 001000011, 00
0110010000] 1001 do 0001010 00010100 1110 010101000010111 00
01000000, 01010 300100 01030110100 0011010000001 01001100 protiv
0001010110 01010 1 00 1100110 11110010 10111101οῑ1 00010111 1 10 1010,
00 111100 00 001110 0101 1010101 0110010 0100011 100 30 01110100111
00 001110, 00100 11000 001000011 10 00101000 01010 001010301010110
0000000 00011100.

1110 10110 1030 001001 00000000 100100 01110 0οο 101101111,
0 sudat 111 01001010001110 00 0110101 011030, 000000 01 00030, 1011
30 10 000 101101111, 00 01010 11110 000110 11 1011010, 00 111 0100101101
100000 111010, 1000 010 00 001000011 011003οο 010111 0010100100
00000 10103010 00010010, 1001010 0011 0000010 00101100 0001110
0101111, 101110 10 01010 00010 0001, 1030 10 00000 1110000110 11 1011010.

Stete 0000101101 0100100111010 00 010010011011111, 0 010 011-
1101010 0100100001 01100110 1000101100 1010 0110010, prosto 101 10
bilo 0011011 01030 0100100110110.

Κο0 10 110 1030 0001110000, 00 1000101001 11101101001 00

 

