3333. 11111

1110 33 33330133013 33003130 1 330333313 333303, 03330 13 000133
33 333033 330103 33033113 3333 31303, 311 01 33 1331 0313 33113313]
33133313] 11130333 31303331 33 0031133, te ako je 3001310 33 33330-
133013103331 03333 133013, 00333311 01 mu i 0013 331, 33 01 33
13333311.

Ζ3 31333313 333033 333030 13 133311, 3 3330 33 3113 imao stalno
33331333333; 333013 330 3310 03330 0313301330 0333033113, 03 111 sami
objese 3333 11103 33013 1 31333 0031313, 1011 03 3333 00133131.

1130 13 00131331 333 0333310 300313311333331, 33133033131
33103 3133033 333331 3303133311 3 313 1331333 03331130 13 033
33133313, 03 3113 33313, 0313 03 333 333 00313, 00133 130 3333
3133 30333111 100133111, 3 0333 §to 33 1333313 3103, 03 13 30 samo
3133130, 30 33 3303 3 331 1333331 3113 3331310 013331; 311311 33 300-
31333310 33133313, 330 33 33 3133033131 33303133 13333103] 3303311
mmmm

03301333 3333 3133 samo 33 333033 330103 33333311 31303, 0110
13 1 0333113 33310331, 03 33 3333133 3033311313 033 1131033 3303333,
3. pr. ako je osudjeni tat zivo 3311030311 3101 133333311 330, 311
3303 01 mu se 333131 33110, 310 33 30013 033330, 330 331001, 03
03 000133 333331331 3133311331 031333131 0331011 33 3133333, 03 33

13333, 1310 mu je bilo 3301330; 013310 131 3310, 03 13 000133 00-
330113 3333, 03 33 313303 3 011033 1033131 03 1300003331 3 Rim; ili
opet kad bi se 1013 01330113 30011031331 3330133133ιί 3331103313 3333
1 0033113, 03 03 3001 3331130 33103133 zena, 33033111 01 3333 31303,
33 33 330330 3 31033 31330331 1 0133131 33 33313 133013.

01330103 33 33 1 sami tati, 03 33333 31333 111 0011033 3303333,
30313313311 333101311331 33303331, 33 01 11 33 033330311, 33 01 130-
1303 303303111 1 3333033 33033 130 33131333 331301 33 33133133, 03
13 33033 33310 3333 33 133013, 033303 1333033330, 03 31 13303333
33013; 111 01331303331 30, 03 mu je sudac 133310 3330331 3133-
0333 333331, 3333303 33 30 3303133311 1 3313333131 1 000133; 111 0313
33033 3303, 130 33 mu 3333133031 i 000133 33103111, 03 0303 30333131
3333, 33 samo 01113330 30 3013131, 330 1 033310, 33 130 33 33 1331
30333111 1 333303111, 03 33 13 33033 3 3333033 300 33033 30130010 1
3330313010, 03 mu 33 133333 3303333, 33 33 313310 3313331 mu, 3313
se nssta ne boji, jer 03 33 03 330 3130 033313133 sudu. — Α10 13
0110 33103113 111 31103113 0333031, 330330 33 3330 cielom 00013033
033330331 33033 3 3033003 33303333 33130013 3033113.

11333331333 33, 03 33 313333113 3330311 31330333 333331, 130
33 33 3 tata 33313 1 0033310 33 31; 310 11 33 3113 330310 311310
3333331 33 313333113, 111 310 13 31333311 3330133133 33330 33 033331331

 

